0,0
1,0
2,0
3,0
4,0
5,0
6,0
7,0
8,0
9,0
10,0
11,0
12,0
13,0
14,0
15,0
16,0
17,0
18,0
19,0
20,0
21,0
22,0
23,0
24,0
25,0
26,0
27,0
28,0
29,0
30,0
31,0
32,0
33,0
34,0
35,0
36,0
37,0
38,0
39,0
40,0
41,0
42,0
43,0
44,0
45,0
46,0
47,0
48,0
49,0
50,0
51,0
52,0
53,0
54,1
55,0
56,0
57,0
58,0
59,0
60,0
61,1
62,0
63,0
64,0
65,0
66,0
67,1
68,0
69,0
70,0
71,0
72,0
73,0
74,0
75,0
76,0
77,0
78,0
79,1
80,0
81,0
82,0
83,0
84,1
85,0
86,0
87,0
88,0
89,1
90,0
91,0
92,0
93,1
94,0
95,0
96,0
97,0
98,0
99,0
100,0
101,0
102,0
103,0
104,0
105,0
106,0
107,0
108,0
109,0
110,1
111,0
112,0
113,0
114,0
115,0
116,0
117,0
118,1
119,0
120,0
121,0
122,0
123,0
124,0
125,0
126,0
127,0
128,1
129,0
130,0
131,0
132,0
133,0
134,1
135,0
136,0
137,0
138,0
139,0
140,1
141,0
142,0
143,0
144,0
145,1
146,0
147,0
148,0
149,1
150,0
151,0
152,0
153,0
154,0
155,0
156,1
157,0
158,0
159,0
160,1
161,0
162,0
163,0
164,0
165,0
166,1
167,0
168,0
169,0
170,0
171,0
172,0
173,0
174,1
175,0
176,0
177,0
178,0
179,0
180,0
181,0
182,0
183,0
184,0
185,0
186,0
187,0
188,0
189,0
190,0
191,0
192,0
193,0
194,0
195,1
196,0
197,0
198,0
199,0
200,0
201,0
202,0
203,0
204,0
205,1
206,0
207,0
208,0
209,0
210,0
211,0
212,0
213,0
214,0
215,1
216,0
217,0
218,0
219,0
220,0
221,0
222,0
223,0
224,0
225,0
226,0
227,0
228,0
229,0
230,0
231,0
232,0
233,0
234,0
235,0
236,0
237,0
238,0
239,0
240,0
241,0
242,0
243,0
244,0
245,0
246,0
247,0
248,0
249,0
250,0
251,0
252,0
253,0
254,0
255,0
256,0
257,0
258,0
259,0
260,0
261,0
262,0
263,0
264,0
265,1
266,0
267,0
268,0
269,0
270,0
271,0
272,0
273,0
274,0
275,1
276,0
277,0
278,0
279,0
280,0
281,0
282,0
283,0
284,0
285,0
286,0
287,0
288,0
289,0
290,0
291,0
292,0
293,0
294,1
295,0
296,0
297,0
298,0
299,0
300,0
301,0
302,0
303,0
304,0
305,0
306,0
307,0
308,0
309,0
310,0
311,1
312,0
313,0
314,0
315,0
316,0
317,0
318,0
319,1
320,0
321,0
322,0
323,0
324,0
325,0
326,1
327,0
328,0
329,0
330,0
331,0
332,0
333,1
334,0
335,0
336,0
337,0
338,0
339,0
340,0
341,1
342,0
343,0
344,0
345,0
346,0
347,0
348,1
349,0
350,0
351,0
352,0
353,0
354,0
355,1
356,0
357,0
358,0
359,0
360,0
361,0
362,1
363,0
364,0
365,0
366,0
367,0
368,1
369,0
370,0
371,0
372,0
373,0
374,1
375,0
376,0
377,0
378,0
379,0
380,1
381,0
382,0
383,0
384,0
385,0
386,0
387,0
388,0
389,0
390,0
391,1
392,0
393,0
394,0
395,0
396,1
397,0
398,0
399,0
400,0
401,0
402,1
403,0
404,0
405,0
406,0
407,1
408,0
409,0
410,0
411,0
412,0
413,0
414,0
415,0
416,0
417,0
418,1
419,0
420,0
421,0
422,0
423,1
424,0
425,0
426,0
427,0
428,1
429,0
430,0
431,0
432,1
433,0
434,0
435,0
436,0
437,1
438,0
439,0
440,0
441,0
442,1
443,0
444,0
445,0
446,1
447,0
448,0
449,0
450,0
451,1
452,0
453,0
454,0
455,1
456,0
457,0
458,0
459,1
460,0
461,0
462,0
463,1
464,0
465,0
466,0
467,0
468,0
469,0
470,0
471,0
472,1
473,0
474,0
475,1
476,0
477,0
478,0
479,1
480,0
481,0
482,0
483,1
484,0
485,0
486,0
487,1
488,0
489,0
490,0
491,1
492,0
493,0
494,1
495,0
496,0
497,0
498,1
499,0
500,0
501,0
502,1
503,0
504,0
505,1
506,0
507,0
508,0
509,1
510,0
511,0
512,1
513,0
514,0
515,1
516,0
517,0
518,1
519,0
520,0
521,1
522,0
523,0
524,1
525,0
526,0
527,0
528,1
529,0
530,0
531,1
532,0
533,0
534,1
535,0
536,0
537,1
538,0
539,0
540,1
541,0
542,0
543,1
544,0
545,0
546,0
547,0
548,0
549,0
550,1
551,0
552,1
553,0
554,0
555,1
556,0
557,0
558,1
559,0
560,0
561,1
562,0
563,0
564,1
565,0
566,0
567,1
568,0
569,0
570,1
571,0
572,0
573,1
574,0
575,1
576,0
577,0
578,1
579,0
580,0
581,1
582,0
583,0
584,0
585,0
586,1
587,0
588,0
589,1
590,0
591,1
592,0
593,0
594,1
595,0
596,0
597,1
598,0
599,1
600,0
601,0
602,1
603,0
604,1
605,0
606,0
607,1
608,0
609,1
610,0
611,0
612,1
613,0
614,1
615,0
616,0
617,1
618,0
619,1
620,0
621,1
622,0
623,0
624,1
625,0
626,1
627,0
628,1
629,0
630,0
631,1
632,0
633,1
634,0
635,1
636,0
637,1
638,0
639,0
640,1
641,0
642,1
643,0
644,1
645,0
646,1
647,0
648,0
649,1
650,0
651,1
652,0
653,1
654,0
655,1
656,0
657,1
658,0
659,0
660,1
661,0
662,1
663,0
664,1
665,0
666,1
667,0
668,1
669,0
670,1
671,0
672,1
673,0
674,1
675,0
676,1
677,0
678,1
679,0
680,1
681,0
682,1
683,0
684,1
685,0
686,1
687,0
688,1
689,0
690,1
691,0
692,1
693,0
694,1
695,0
696,1
697,0
698,1
699,0
700,1
701,0
702,1
703,0
704,1
705,0
706,0
707,1
708,0
709,1
710,0
711,1
712,0
713,1
714,0
715,1
716,0
717,1
718,0
719,1
720,1
721,0
722,1
723,0
724,1
725,0
726,1
727,0
728,1
729,1
730,0
731,1
732,0
733,1
734,0
735,1
736,0
737,1
738,1
739,0
740,1
741,0
742,1
743,1
744,0
745,1
746,0
747,1
748,0
749,1
750,1
751,0
752,1
753,0
754,1
755,1
756,0
757,1
758,0
759,1
760,1
761,0
762,1
763,0
764,1
765,1
766,0
767,1
768,1
769,0
770,1
771,0
772,1
773,1
774,0
775,1
776,1
777,0
778,1
779,1
780,0
781,1
782,0
783,1
784,1
785,0
786,1
787,1
788,0
789,1
790,1
791,0
792,1
793,1
794,1
795,1
796,1
797,1
798,1
799,0
800,1
801,1
802,1
803,1
804,1
805,0
806,1
807,1
808,1
809,0
810,1
811,1
812,0
813,1
814,1
815,1
816,0
817,1
818,1
819,0
820,1
821,1
822,0
823,1
824,1
825,1
826,0
827,1
828,1
829,0
830,1
831,1
832,1
833,0
834,1
835,1
836,1
837,0
838,1
839,1
840,1
841,0
842,1
843,1
844,1
845,0
846,1
847,1
848,1
849,0
850,1
851,1
852,1
853,0
854,1
855,1
856,1
857,1
858,0
859,1
860,1
861,1
862,1
863,0
864,1
865,1
866,1
867,0
868,1
869,1
870,1
871,1
872,0
873,1
874,1
875,1
876,1
877,0
878,1
879,1
880,1
881,1
882,0
883,1
884,1
885,1
886,1
887,0
888,1
889,1
890,1
891,1
892,1
893,0
894,1
895,1
896,1
897,1
898,1
899,1
900,0
901,1
902,1
903,1
904,1
905,1
906,1
907,0
908,1
909,1
910,1
911,1
912,1
913,1
914,0
915,0
916,1
917,1
918,1
919,1
920,1
921,1
922,1
923,0
924,1
925,1
926,1
927,1
928,1
929,1
930,1
931,1
932,1
933,0
934,1
935,1
936,1
937,1
938,1
939,1
940,1
941,1
942,1
943,1
944,1
945,1
946,0
947,1
948,1
949,1
950,1
951,1
952,1
953,1
954,1
955,1
956,1
957,1
958,1
959,1
960,1
961,1
962,1
963,1
964,1
965,1
966,1
967,1
968,1
969,1
970,1
971,0
972,0
973,1
974,1
975,1
976,1
977,1
978,1
979,1
980,1
981,1
982,1
983,1
984,1
985,1
986,1
987,1
988,1
989,1
990,1
991,1
992,1
993,1
994,1
995,1
996,1
997,1
998,1
999,1
1000,1
1001,1
1002,1
1003,1
1004,1
1005,1
1006,1
1007,1
1008,1
1009,1
1010,2
1011,1
1012,1
1013,1
1014,1
1015,1
1016,1
1017,1
1018,1
1019,1
1020,1
1021,1
1022,1
1023,1
1024,2
1025,1
1026,1
1027,1
1028,1
1029,1
1030,1
1031,1
1032,1
1033,1
1034,2
1035,1
1036,1
1037,1
1038,1
1039,1
1040,1
1041,1
1042,2
1043,1
1044,1
1045,1
1046,1
1047,1
1048,1
1049,1
1050,2
1051,1
1052,1
1053,1
1054,1
1055,1
1056,2
1057,1
1058,1
1059,1
1060,1
1061,1
1062,2
1063,1
1064,1
1065,1
1066,1
1067,1
1068,2
1069,1
1070,1
1071,1
1072,1
1073,1
1074,1
1075,1
1076,1
1077,1
1078,2
1079,1
1080,1
1081,1
1082,1
1083,2
1084,1
1085,1
1086,1
1087,1
1088,2
1089,1
1090,1
1091,1
1092,2
1093,1
1094,2
1095,1
1096,2
1097,2
1098,1
1099,2
1100,1
1101,2
1102,1
1103,1
1104,2
1105,1
1106,1
1107,1
1108,2
1109,1
1110,1
1111,1
1112,2
1113,1
1114,1
1115,2
1116,1
1117,1
1118,1
1119,1
1120,1
1121,1
1122,2
1123,1
1124,2
1125,2
1126,2
1127,1
1128,2
1129,1
1130,1
1131,1
1132,2
1133,1
1134,2
1135,1
1136,1
1137,2
1138,1
1139,1
1140,2
1141,1
1142,1
1143,2
1144,1
1145,1
1146,2
1147,1
1148,2
1149,1
1150,1
1151,2
1152,1
1153,1
1154,2
1155,1
1156,1
1157,2
1158,1
1159,2
1160,1
1161,1
1162,2
1163,1
1164,2
1165,1
1166,1
1167,2
1168,1
1169,2
1170,1
1171,1
1172,1
1173,1
1174,2
1175,1
1176,2
1177,1
1178,1
1179,2
1180,1
1181,2
1182,1
1183,2
1184,1
1185,2
1186,1
1187,1
1188,2
1189,1
1190,2
1191,1
1192,2
1193,1
1194,2
1195,2
1196,2
1197,2
1198,1
1199,2
1200,2
1201,2
1202,2
1203,1
1204,2
1205,1
1206,2
1207,2
1208,2
1209,2
1210,1
1211,2
1212,1
1213,2
1214,1
1215,2
1216,1
1217,2
1218,1
1219,2
1220,1
1221,2
1222,2
1223,1
1224,2
1225,1
1226,2
1227,1
1228,2
1229,1
1230,2
1231,2
1232,1
1233,2
1234,1
1235,2
1236,1
1237,2
1238,2
1239,1
1240,2
1241,1
1242,2
1243,2
1244,2
1245,2
1246,2
1247,2
1248,2
1249,2
1250,2
1251,1
1252,2
1253,2
1254,1
1255,2
1256,2
1257,2
1258,1
1259,2
1260,2
1261,1
1262,2
1263,2
1264,1
1265,2
1266,2
1267,1
1268,2
1269,2
1270,1
1271,2
1272,2
1273,2
1274,2
1275,2
1276,2
1277,3
1278,1
1279,2
1280,2
1281,2
1282,1
1283,2
1284,2
1285,2
1286,1
1287,2
1288,2
1289,2
1290,1
1291,2
1292,2
1293,2
1294,1
1295,2
1296,2
1297,2
1298,1
1299,2
1300,2
1301,2
1302,2
1303,1
1304,2
1305,3
1306,2
1307,3
1308,2
1309,2
1310,2
1311,2
1312,2
1313,1
1314,2
1315,2
1316,2
1317,2
1318,1
1319,1
1320,2
1321,2
1322,2
1323,2
1324,1
1325,2
1326,2
1327,2
1328,2
1329,2
1330,1
1331,2
1332,2
1333,2
1334,2
1335,2
1336,2
1337,2
1338,1
1339,2
1340,2
1341,2
1342,2
1343,2
1344,2
1345,2
1346,2
1347,1
1348,2
1349,2
1350,2
1351,2
1352,2
1353,2
1354,2
1355,2
1356,2
1357,2
1358,2
1359,1
1360,2
1361,2
1362,2
1363,2
1364,2
1365,2
1366,2
1367,2
1368,2
1369,2
1370,2
1371,2
1372,2
1373,2
1374,2
1375,2
1376,2
1377,3
1378,2
1379,3
1380,2
1381,3
1382,2
1383,3
1384,2
1385,2
1386,2
1387,2
1388,2
1389,2
1390,2
1391,2
1392,2
1393,2
1394,2
1395,2
1396,2
1397,2
1398,2
1399,2
1400,2
1401,2
1402,2
1403,2
1404,3
1405,2
1406,2
1407,2
1408,2
1409,2
1410,2
1411,2
1412,2
1413,2
1414,2
1415,2
1416,2
1417,3
1418,2
1419,2
1420,2
1421,2
1422,2
1423,2
1424,2
1425,2
1426,3
1427,2
1428,2
1429,2
1430,2
1431,2
1432,2
1433,2
1434,3
1435,2
1436,2
1437,2
1438,2
1439,2
1440,2
1441,3
1442,2
1443,2
1444,2
1445,2
1446,3
1447,2
1448,2
1449,2
1450,3
1451,2
1452,2
1453,2
1454,2
1455,3
1456,2
1457,2
1458,2
1459,2
1460,3
1461,2
1462,2
1463,2
1464,3
1465,2
1466,2
1467,2
1468,3
1469,2
1470,2
1471,2
1472,3
1473,2
1474,2
1475,2
1476,3
1477,2
1478,2
1479,3
1480,2
1481,2
1482,2
1483,3
1484,2
1485,2
1486,3
1487,2
1488,2
1489,3
1490,2
1491,2
1492,3
1493,2
1494,2
1495,3
1496,2
1497,2
1498,3
1499,2
1500,2
1501,3
1502,2
1503,3
1504,2
1505,2
1506,3
1507,2
1508,3
1509,2
1510,2
1511,3
1512,2
1513,3
1514,2
1515,2
1516,3
1517,2
1518,3
1519,2
1520,2
1521,2
1522,2
1523,3
1524,2
1525,3
1526,2
1527,3
1528,2
1529,3
1530,2
1531,2
1532,3
1533,2
1534,3
1535,2
1536,3
1537,2
1538,3
1539,2
1540,3
1541,2
1542,3
1543,2
1544,3
1545,2
1546,3
1547,2
1548,3
1549,2
1550,3
1551,2
1552,2
1553,3
1554,2
1555,3
1556,2
1557,3
1558,2
1559,3
1560,3
1561,2
1562,3
1563,2
1564,3
1565,2
1566,3
1567,3
1568,2
1569,3
1570,3
1571,2
1572,3
1573,2
1574,3
1575,3
1576,2
1577,3
1578,3
1579,2
1580,3
1581,2
1582,2
1583,3
1584,3
1585,2
1586,3
1587,3
1588,2
1589,3
1590,3
1591,2
1592,3
1593,3
1594,2
1595,3
1596,3
1597,3
1598,2
1599,3
1600,3
1601,2
1602,3
1603,3
1604,3
1605,2
1606,3
1607,3
1608,3
1609,2
1610,3
1611,3
1612,3
1613,3
1614,2
1615,3
1616,3
1617,3
1618,2
1619,2
1620,3
1621,3
1622,3
1623,3
1624,2
1625,3
1626,3
1627,3
1628,3
1629,3
1630,3
1631,2
1632,3
1633,3
1634,3
1635,3
1636,3
1637,3
1638,2
1639,3
1640,3
1641,3
1642,3
1643,3
1644,3
1645,3
1646,3
1647,3
1648,3
1649,3
1650,2
1651,3
1652,3
1653,3
1654,3
1655,3
1656,3
1657,3
1658,3
1659,3
1660,3
1661,3
1662,3
1663,3
1664,3
1665,3
1666,3
1667,3
1668,3
1669,3
1670,3
1671,3
1672,3
1673,3
1674,3
1675,3
1676,3
1677,3
1678,3
1679,3
1680,3
1681,3
1682,4
1683,3
1684,3
1685,3
1686,3
1687,3
1688,3
1689,3
1690,3
1691,3
1692,3
1693,4
1694,3
1695,3
1696,3
1697,3
1698,3
1699,3
1700,3
1701,3
1702,3
1703,3
1704,4
1705,4
1706,4
1707,3
1708,3
1709,4
1710,3
1711,3
1712,3
1713,3
1714,3
1715,4
1716,3
1717,3
1718,4
1719,4
1720,4
1721,4
1722,3
1723,3
1724,4
1725,3
1726,3
1727,3
1728,4
1729,3
1730,3
1731,3
1732,4
1733,3
1734,3
1735,3
1736,4
1737,3
1738,3
1739,4
1740,3
1741,3
1742,4
1743,3
1744,3
1745,3
1746,4
1747,3
1748,3
1749,4
1750,3
1751,3
1752,4
1753,3
1754,4
1755,5
1756,4
1757,5
1758,4
1759,4
1760,3
1761,3
1762,4
1763,3
1764,4
1765,3
1766,3
1767,4
1768,3
1769,4
1770,3
1771,3
1772,4
1773,3
1774,4
1775,3
1776,4
1777,3
1778,4
1779,3
1780,3
1781,4
1782,3
1783,4
1784,3
1785,4
1786,3
1787,4
1788,3
1789,4
1790,3
1791,4
1792,3
1793,4
1794,3
1795,3
1796,4
1797,3
1798,4
1799,3
1800,4
1801,3
1802,4
1803,4
1804,3
1805,4
1806,3
1807,4
1808,3
1809,3
1810,4
1811,3
1812,4
1813,4
1814,3
1815,4
1816,3
1817,4
1818,4
1819,3
1820,4
1821,4
1822,3
1823,4
1824,4
1825,3
1826,4
1827,3
1828,4
1829,4
1830,3
1831,3
1832,4
1833,4
1834,3
1835,4
1836,4
1837,3
1838,5
1839,5
1840,4
1841,4
1842,4
1843,4
1844,3
1845,4
1846,4
1847,4
1848,3
1849,4
1850,4
1851,4
1852,3
1853,4
1854,4
1855,4
1856,4
1857,3
1858,4
1859,4
1860,4
1861,4
1862,4
1863,3
1864,3
1865,4
1866,4
1867,4
1868,4
1869,4
1870,4
1871,3
1872,4
1873,4
1874,4
1875,4
1876,4
1877,4
1878,4
1879,4
1880,3
1881,4
1882,4
1883,4
1884,4
1885,4
1886,4
1887,4
1888,4
1889,4
1890,4
1891,4
1892,4
1893,4
1894,4
1895,4
1896,4
1897,4
1898,4
1899,4
1900,4
1901,4
1902,4
1903,4
1904,4
1905,4
1906,4
1907,4
1908,4
1909,4
1910,4
1911,4
1912,4
1913,4
1914,4
1915,4
1916,4
1917,4
1918,4
1919,4
1920,4
1921,4
1922,5
1923,4
1924,4
1925,4
1926,4
1927,4
1928,4
1929,4
1930,4
1931,5
1932,4
1933,4
1934,4
1935,4
1936,4
1937,4
1938,4
1939,4
1940,4
1941,4
1942,4
1943,5
1944,4
1945,4
1946,4
1947,4
1948,5
1949,4
1950,4
1951,4
1952,5
1953,4
1954,4
1955,4
1956,4
1957,4
1958,4
1959,5
1960,4
1961,4
1962,5
1963,4
1964,4
1965,5
1966,4
1967,4
1968,5
1969,5
1970,5
1971,5
1972,5
1973,4
1974,4
1975,5
1976,4
1977,4
1978,4
1979,4
1980,5
1981,4
1982,4
1983,5
1984,4
1985,4
1986,5
1987,4
1988,5
1989,4
1990,4
1991,5
1992,4
1993,5
1994,4
1995,5
1996,4
1997,5
1998,4
1999,4
2000,4
2001,4
2002,5
2003,4
2004,5
2005,4
2006,5
2007,5
2008,4
2009,5
2010,4
2011,5
2012,5
2013,6
2014,5
2015,5
2016,4
2017,5
2018,4
2019,5
2020,5
2021,4
2022,5
2023,4
2024,5
2025,5
2026,4
2027,5
2028,4
2029,5
2030,5
2031,4
2032,5
2033,5
2034,4
2035,5
2036,4
2037,5
2038,5
2039,4
2040,5
2041,5
2042,5
2043,4
2044,5
2045,5
2046,4
2047,5
2048,5
2049,5
2050,4
2051,5
2052,5
2053,5
2054,4
2055,5
2056,5
2057,6
2058,6
2059,4
2060,5
2061,5
2062,5
2063,5
2064,5
2065,5
2066,5
2067,5
2068,6
2069,6
2070,6
2071,4
2072,5
2073,5
2074,5
2075,5
2076,5
2077,4
2078,5
2079,6
2080,5
2081,4
2082,5
2083,5
2084,5
2085,5
2086,5
2087,5
2088,5
2089,5
2090,5
2091,5
2092,4
2093,5
2094,5
2095,5
2096,6
2097,5
2098,6
2099,6
2100,5
2101,5
2102,5
2103,5
2104,5
2105,5
2106,5
2107,5
2108,5
2109,5
2110,5
2111,5
2112,5
2113,5
2114,5
2115,5
2116,5
2117,5
2118,5
2119,5
2120,5
2121,5
2122,5
2123,5
2124,5
2125,5
2126,5
2127,5
2128,5
2129,5
2130,5
2131,5
2132,5
2133,5
2134,5
2135,6
2136,5
2137,5
2138,5
2139,5
2140,5
2141,6
2142,5
2143,5
2144,5
2145,5
2146,6
2147,5
2148,5
2149,5
2150,6
2151,5
2152,5
2153,5
2154,5
2155,6
2156,5
2157,5
2158,5
2159,6
2160,5
2161,5
2162,5
2163,6
2164,5
2165,5
2166,6
2167,5
2168,5
2169,6
2170,5
2171,5
2172,6
2173,7
2174,6
2175,6
2176,5
2177,5
2178,6
2179,5
2180,5
2181,6
2182,5
2183,6
2184,5
2185,5
2186,6
2187,5
2188,6
2189,5
2190,5
2191,6
2192,5
2193,6
2194,5
2195,6
2196,5
2197,6
2198,5
2199,6
2200,5
2201,6
2202,5
2203,6
2204,5
2205,6
2206,5
2207,6
2208,5
2209,6
2210,6
2211,5
2212,6
2213,5
2214,6
2215,5
2216,6
2217,5
2218,6
2219,6
2220,5
2221,6
2222,5
2223,6
2224,6
2225,5
2226,6
2227,5
2228,5
2229,6
2230,5
2231,5
2232,6
2233,5
2234,5
2235,6
2236,6
2237,5
2238,6
2239,6
2240,6
2241,6
2242,5
2243,6
2244,6
2245,6
2246,5
2247,6
2248,6
2249,6
2250,5
2251,6
2252,6
2253,6
2254,5
2255,6
2256,6
2257,6
2258,6
2259,5
2260,6
2261,6
2262,6
2263,6
2264,6
2265,5
2266,6
2267,6
2268,6
2269,6
2270,6
2271,5
2272,6
2273,6
2274,6
2275,6
2276,6
2277,6
2278,6
2279,6
2280,5
2281,6
2282,6
2283,6
2284,6
2285,6
2286,6
2287,6
2288,6
2289,6
2290,6
2291,6
2292,6
2293,6
2294,6
2295,6
2296,6
2297,6
2298,6
2299,6
2300,6
2301,6
2302,6
2303,6
2304,6
2305,6
2306,6
2307,6
2308,6
2309,6
2310,6
2311,6
2312,6
2313,6
2314,6
2315,6
2316,6
2317,7
2318,6
2319,6
2320,6
2321,6
2322,6
2323,6
2324,7
2325,6
2326,6
2327,6
2328,6
2329,6
2330,7
2331,6
2332,6
2333,6
2334,7
2335,6
2336,6
2337,6
2338,6
2339,6
2340,6
2341,6
2342,7
2343,6
2344,7
2345,8
2346,7
2347,6
2348,6
2349,6
2350,7
2351,6
2352,6
2353,7
2354,6
2355,6
2356,7
2357,6
2358,6
2359,7
2360,6
2361,7
2362,6
2363,6
2364,7
2365,6
2366,7
2367,6
2368,7
2369,6
2370,6
2371,7
2372,6
2373,7
2374,7
2375,7
2376,8
2377,7
2378,6
2379,7
2380,6
2381,7
2382,6
2383,7
2384,6
2385,7
2386,6
2387,7
2388,6
2389,7
2390,6
2391,7
2392,6
2393,7
2394,7
2395,6
2396,7
2397,6
2398,7
2399,6
2400,7
2401,7
2402,6
2403,7
2404,7
2405,6
2406,7
2407,7
2408,6
2409,7
2410,7
2411,6
2412,7
2413,7
2414,6
2415,7
2416,7
2417,7
2418,6
2419,7
2420,7
2421,7
2422,6
2423,7
2424,7
2425,7
2426,6
2427,7
2428,7
2429,7
2430,7
2431,8
2432,7
2433,7
2434,7
2435,7
2436,6
2437,7
2438,7
2439,7
2440,7
2441,6
2442,7
2443,7
2444,7
2445,7
2446,7
2447,7
2448,7
2449,7
2450,6
2451,7
2452,7
2453,9
2454,8
2455,7
2456,7
2457,7
2458,7
2459,7
2460,7
2461,7
2462,7
2463,7
2464,7
2465,7
2466,7
2467,7
2468,7
2469,7
2470,7
2471,7
2472,7
2473,7
2474,7
2475,7
2476,7
2477,7
2478,7
2479,7
2480,7
2481,8
2482,7
2483,7
2484,7
2485,7
2486,7
2487,7
2488,8
2489,7
2490,7
2491,8
2492,9
2493,7
2494,8
2495,7
2496,7
2497,7
2498,7
2499,8
2500,7
2501,7
2502,7
2503,7
2504,8
2505,7
2506,7
2507,7
2508,7
2509,7
2510,7
2511,7
2512,8
2513,7
2514,7
2515,9
2516,9
2517,9
2518,8
2519,7
2520,8
2521,7
2522,7
2523,8
2524,8
2525,9
2526,8
2527,7
2528,8
2529,7
2530,7
2531,8
2532,7
2533,8
2534,7
2535,7
2536,8
2537,7
2538,8
2539,7
2540,8
2541,7
2542,8
2543,7
2544,8
2545,7
2546,7
2547,7
2548,7
2549,8
2550,8
2551,7
2552,8
2553,7
2554,8
2555,7
2556,8
2557,7
2558,8
2559,7
2560,8
2561,8
2562,7
2563,8
2564,7
2565,8
2566,8
2567,7
2568,8
2569,7
2570,8
2571,8
2572,7
2573,8
2574,8
2575,7
2576,8
2577,8
2578,7
2579,8
2580,8
2581,7
2582,8
2583,8
2584,7
2585,8
2586,8
2587,7
2588,8
2589,8
2590,7
2591,8
2592,8
2593,8
2594,7
2595,8
2596,8
2597,8
2598,8
2599,7
2600,8
2601,8
2602,8
2603,8
2604,7
2605,8
2606,8
2607,8
2608,10
2609,11
2610,8
2611,8
2612,8
2613,8
2614,8
2615,8
2616,7
2617,8
2618,8
2619,8
2620,8
2621,8
2622,8
2623,8
2624,8
2625,8
2626,8
2627,8
2628,8
2629,8
2630,8
2631,8
2632,8
2633,8
2634,8
2635,8
2636,8
2637,8
2638,8
2639,8
2640,8
2641,8
2642,8
2643,9
2644,8
2645,8
2646,8
2647,8
2648,8
2649,8
2650,8
2651,8
2652,8
2653,9
2654,8
2655,8
2656,8
2657,8
2658,8
2659,9
2660,8
2661,8
2662,8
2663,8
2664,8
2665,8
2666,8
2667,8
2668,8
2669,9
2670,8
2671,8
2672,8
2673,9
2674,8
2675,8
2676,8
2677,8
2678,8
2679,8
2680,9
2681,8
2682,8
2683,11
2684,9
2685,8
2686,9
2687,8
2688,9
2689,9
2690,9
2691,8
2692,9
2693,8
2694,8
2695,9
2696,8
2697,9
2698,8
2699,8
2700,9
2701,8
2702,9
2703,8
2704,9
2705,8
2706,9
2707,8
2708,9
2709,8
2710,9
2711,8
2712,11
2713,9
2714,9
2715,8
2716,9
2717,8
2718,9
2719,9
2720,8
2721,9
2722,8
2723,9
2724,8
2725,9
2726,9
2727,8
2728,9
2729,9
2730,8
2731,9
2732,9
2733,8
2734,9
2735,9
2736,8
2737,9
2738,8
2739,9
2740,10
2741,8
2742,10
2743,9
2744,9
2745,9
2746,9
2747,9
2748,8
2749,9
2750,9
2751,10
2752,11
2753,11
2754,9
2755,9
2756,9
2757,9
2758,10
2759,9
2760,9
2761,9
2762,9
2763,9
2764,9
2765,9
2766,9
2767,9
2768,8
2769,9
2770,9
2771,9
2772,9
2773,9
2774,9
2775,9
2776,9
2777,9
2778,9
2779,9
2780,9
2781,9
2782,9
2783,9
2784,9
2785,9
2786,9
2787,9
2788,9
2789,9
2790,10
2791,11
2792,9
2793,9
2794,11
2795,10
2796,9
2797,9
2798,10
2799,10
2800,9
2801,10
2802,10
2803,11
2804,10
2805,9
2806,12
2807,9
2808,10
2809,9
2810,11
2811,11
2812,10
2813,11
2814,12
2815,10
2816,11
2817,11
2818,9
2819,9
2820,11
2821,11
2822,10
2823,9
2824,11
2825,12
2826,10
2827,9
2828,11
2829,11
2830,9
2831,11
2832,12
2833,11
2834,9
2835,12
2836,10
2837,11
2838,11
2839,9
2840,10
2841,13
2842,11
2843,9
2844,11
2845,11
2846,10
2847,11
2848,11
2849,9
2850,11
2851,12
2852,10
2853,10
2854,9
2855,13
2856,10
2857,10
2858,9
2859,11
2860,10
2861,11
2862,10
2863,12
2864,10
2865,11
2866,11
2867,10
2868,10
2869,12
2870,10
2871,10
2872,12
2873,11
2874,10
2875,11
2876,11
2877,10
2878,10
2879,11
2880,10
2881,11
2882,10
2883,11
2884,10
2885,13
2886,10
2887,11
2888,11
2889,12
2890,11
2891,10
2892,10
2893,12
2894,10
2895,13
2896,10
2897,10
2898,10
2899,10
2900,12
2901,11
2902,11
2903,11
2904,11
2905,12
2906,11
2907,12
2908,10
2909,10
2910,10
2911,11
2912,13
2913,10
2914,12
2915,11
2916,10
2917,12
2918,11
2919,10
2920,11
2921,10
2922,12
2923,10
2924,10
2925,11
2926,10
2927,13
2928,12
2929,12
2930,11
2931,11
2932,10
2933,10
2934,11
2935,10
2936,11
2937,11
2938,11
2939,13
2940,11
2941,11
2942,13
2943,11
2944,11
2945,11
2946,10
2947,12
2948,12
2949,10
2950,13
2951,13
2952,10
2953,10
2954,10
2955,11
2956,11
2957,13
2958,12
2959,11
2960,11
2961,13
2962,12
2963,10
2964,11
2965,12
2966,12
2967,10
2968,12
2969,12
2970,11
2971,10
2972,12
2973,11
2974,11
2975,11
2976,11
2977,11
2978,12
2979,11
2980,12
2981,11
2982,11
2983,12
2984,12
2985,13
2986,11
2987,10
2988,11
2989,10
2990,11
2991,10
2992,12
2993,12
2994,11
2995,11
2996,10
2997,11
2998,10
2999,11
3000,10
3001,11
3002,10
3003,11
3004,11
3005,10
3006,11
3007,10
3008,11
3009,10
3010,11
3011,11
3012,10
3013,13
3014,11
3015,11
3016,11
3017,11
3018,11
3019,12
3020,13
3021,10
3022,11
3023,11
3024,11
3025,11
3026,14
3027,12
3028,13
3029,11
3030,11
3031,11
3032,11
3033,10
3034,12
3035,12
3036,10
3037,13
3038,14
3039,14
3040,12
3041,11
3042,11
3043,11
3044,11
3045,10
3046,10
3047,11
3048,11
3049,11
3050,11
3051,11
3052,11
3053,11
3054,11
3055,10
3056,11
3057,11
3058,11
3059,11
3060,11
3061,11
3062,11
3063,11
3064,11
3065,11
3066,11
3067,11
3068,11
3069,12
3070,12
3071,13
3072,11
3073,11
3074,11
3075,11
3076,11
3077,12
3078,11
3079,15
3080,13
3081,11
3082,12
3083,11
3084,11
3085,11
3086,11
3087,11
3088,11
3089,12
3090,14
3091,11
3092,14
3093,14
3094,11
3095,11
3096,13
3097,13
3098,11
3099,11
3100,12
3101,12
3102,11
3103,11
3104,11
3105,12
3106,11
3107,11
3108,12
3109,11
3110,11
3111,12
3112,12
3113,13
3114,12
3115,11
3116,12
3117,11
3118,12
3119,15
3120,13
3121,12
3122,11
3123,11
3124,12
3125,11
3126,12
3127,11
3128,12
3129,12
3130,14
3131,11
3132,12
3133,11
3134,12
3135,13
3136,13
3137,11
3138,12
3139,12
3140,11
3141,12
3142,11
3143,12
3144,12
3145,11
3146,12
3147,11
3148,12
3149,12
3150,11
3151,12
3152,12
3153,11
3154,12
3155,12
3156,11
3157,12
3158,12
3159,12
3160,11
3161,12
3162,12
3163,14
3164,12
3165,12
3166,12
3167,11
3168,12
3169,12
3170,12
3171,12
3172,11
3173,12
3174,12
3175,12
3176,12
3177,12
3178,12
3179,12
3180,12
3181,12
3182,12
3183,11
3184,12
3185,12
3186,12
3187,12
3188,12
3189,12
3190,12
3191,12
3192,12
3193,12
3194,12
3195,12
3196,13
3197,13
3198,12
3199,14
3200,13
3201,12
3202,12
3203,12
3204,12
3205,12
3206,12
3207,12
3208,12
3209,12
3210,12
3211,14
3212,13
3213,12
3214,12
3215,12
3216,12
3217,13
3218,12
3219,12
3220,12
3221,12
3222,12
3223,13
3224,12
3225,12
3226,12
3227,13
3228,12
3229,12
3230,12
3231,13
3232,12
3233,13
3234,12
3235,12
3236,12
3237,13
3238,12
3239,12
3240,13
3241,13
3242,14
3243,13
3244,12
3245,13
3246,12
3247,12
3248,13
3249,12
3250,13
3251,12
3252,12
3253,13
3254,12
3255,13
3256,12
3257,13
3258,12
3259,13
3260,12
3261,13
3262,12
3263,13
3264,12
3265,13
3266,13
3267,12
3268,13
3269,12
3270,13
3271,12
3272,13
3273,13
3274,12
3275,13
3276,13
3277,12
3278,13
3279,13
3280,12
3281,13
3282,13
3283,13
3284,12
3285,13
3286,13
3287,12
3288,14
3289,17
3290,13
3291,13
3292,13
3293,13
3294,12
3295,13
3296,13
3297,13
3298,13
3299,13
3300,13
3301,12
3302,13
3303,13
3304,13
3305,13
3306,13
3307,13
3308,15
3309,13
3310,13
3311,14
3312,13
3313,14
3314,14
3315,13
3316,15
3317,15
3318,13
3319,13
3320,13
3321,13
3322,13
3323,13
3324,13
3325,13
3326,13
3327,14
3328,13
3329,13
3330,13
3331,13
3332,13
3333,13
3334,13
3335,15
3336,15
3337,13
3338,13
3339,13
3340,13
3341,13
3342,14
3343,13
3344,13
3345,13
3346,14
3347,13
3348,15
3349,14
3350,14
3351,13
3352,15
3353,14
3354,14
3355,13
3356,13
3357,14
3358,13
3359,14
3360,17
3361,13
3362,14
3363,13
3364,17
3365,15
3366,14
3367,13
3368,13
3369,14
3370,13
3371,14
3372,17
3373,14
3374,14
3375,14
3376,17
3377,17
3378,15
3379,17
3380,17
3381,15
3382,18
3383,14
3384,14
3385,16
3386,15
3387,17
3388,14
3389,15
3390,17
3391,14
3392,14
3393,16
3394,14
3395,15
3396,15
3397,14
3398,18
3399,14
3400,17
3401,14
3402,14
3403,13
3404,17
3405,14
3406,14
3407,16
3408,14
3409,16
3410,17
3411,14
3412,15
3413,15
3414,17
3415,14
3416,14
3417,17
3418,14
3419,14
3420,14
3421,14
3422,14
3423,14
3424,14
3425,13
3426,14
3427,14
3428,14
3429,16
3430,15
3431,14
3432,15
3433,14
3434,14
3435,14
3436,14
3437,14
3438,14
3439,14
3440,14
3441,14
3442,14
3443,14
3444,14
3445,14
3446,14
3447,14
3448,18
3449,16
3450,14
3451,14
3452,15
3453,14
3454,14
3455,14
3456,14
3457,15
3458,16
3459,15
3460,14
3461,14
3462,14
3463,15
3464,14
3465,15
3466,15
3467,17
3468,14
3469,15
3470,14
3471,14
3472,14
3473,15
3474,15
3475,15
3476,18
3477,15
3478,15
3479,14
3480,15
3481,14
3482,15
3483,18
3484,16
3485,14
3486,15
3487,14
3488,18
3489,16
3490,17
3491,14
3492,15
3493,14
3494,15
3495,14
3496,15
3497,14
3498,15
3499,15
3500,15
3501,14
3502,15
3503,15
3504,17
3505,15
3506,15
3507,14
3508,18
3509,14
3510,15
3511,15
3512,15
3513,14
3514,15
3515,15
3516,14
3517,15
3518,15
3519,17
3520,15
3521,18
3522,15
3523,15
3524,15
3525,17
3526,18
3527,14
3528,15
3529,15
3530,18
3531,15
3532,15
3533,15
3534,14
3535,15
3536,15
3537,15
3538,15
3539,15
3540,15
3541,15
3542,16
3543,17
3544,16
3545,15
3546,15
3547,15
3548,15
3549,15
3550,15
3551,15
3552,16
3553,16
3554,19
3555,17
3556,15
3557,15
3558,15
3559,15
3560,19
3561,17
3562,15
3563,15
3564,15
3565,15
3566,15
3567,16
3568,15
3569,19
3570,16
3571,15
3572,15
3573,17
3574,17
3575,15
3576,15
3577,16
3578,15
3579,15
3580,15
3581,16
3582,16
3583,17
3584,16
3585,16
3586,15
3587,19
3588,18
3589,18
3590,15
3591,16
3592,15
3593,16
3594,15
3595,16
3596,15
3597,15
3598,16
3599,15
3600,20
3601,20
3602,15
3603,16
3604,16
3605,15
3606,16
3607,15
3608,16
3609,15
3610,16
3611,16
3612,15
3613,19
3614,17
3615,17
3616,17
3617,16
3618,15
3619,16
3620,16
3621,15
3622,16
3623,16
3624,16
3625,15
3626,16
3627,16
3628,16
3629,15
3630,16
3631,16
3632,16
3633,15
3634,16
3635,16
3636,16
3637,16
3638,16
3639,16
3640,16
3641,16
3642,15
3643,16
3644,16
3645,17
3646,18
3647,17
3648,19
3649,19
3650,17
3651,20
3652,17
3653,16
3654,16
3655,19
3656,19
3657,16
3658,16
3659,19
3660,17
3661,19
3662,18
3663,17
3664,16
3665,16
3666,16
3667,16
3668,19
3669,17
3670,16
3671,16
3672,16
3673,17
3674,16
3675,16
3676,16
3677,17
3678,16
3679,16
3680,16
3681,17
3682,16
3683,16
3684,17
3685,16
3686,16
3687,17
3688,16
3689,16
3690,16
3691,16
3692,17
3693,16
3694,16
3695,17
3696,16
3697,17
3698,16
3699,17
3700,16
3701,16
3702,17
3703,16
3704,17
3705,16
3706,17
3707,17
3708,16
3709,17
3710,16
3711,17
3712,16
3713,17
3714,17
3715,16
3716,20
3717,19
3718,16
3719,17
3720,17
3721,17
3722,16
3723,17
3724,19
3725,18
3726,16
3727,17
3728,17
3729,17
3730,19
3731,17
3732,17
3733,17
3734,17
3735,17
3736,19
3737,17
3738,17
3739,17
3740,17
3741,16
3742,17
3743,17
3744,17
3745,17
3746,17
3747,17
3748,17
3749,19
3750,18
3751,17
3752,19
3753,18
3754,17
3755,17
3756,17
3757,17
3758,17
3759,17
3760,17
3761,20
3762,20
3763,17
3764,17
3765,17
3766,17
3767,20
3768,17
3769,17
3770,17
3771,18
3772,17
3773,17
3774,17
3775,17
3776,18
3777,17
3778,17
3779,18
3780,17
3781,17
3782,18
3783,22
3784,21
3785,17
3786,17
3787,17
3788,18
3789,22
3790,18
3791,17
3792,20
3793,18
3794,18
3795,19
3796,17
3797,17
3798,18
3799,17
3800,18
3801,17
3802,18
3803,17
3804,18
3805,19
3806,19
3807,18
3808,17
3809,20
3810,21
3811,20
3812,18
3813,19
3814,19
3815,21
3816,20
3817,17
3818,18
3819,18
3820,17
3821,18
3822,18
3823,19
3824,19
3825,18
3826,17
3827,18
3828,17
3829,18
3830,18
3831,18
3832,17
3833,18
3834,18
3835,18
3836,17
3837,18
3838,18
3839,18
3840,18
3841,18
3842,17
3843,18
3844,18
3845,21
3846,18
3847,21
3848,17
3849,18
3850,23
3851,19
3852,18
3853,17
3854,18
3855,18
3856,19
3857,18
3858,17
3859,18
3860,18
3861,19
3862,18
3863,18
3864,17
3865,19
3866,18
3867,18
3868,21
3869,18
3870,18
3871,18
3872,18
3873,18
3874,18
3875,21
3876,18
3877,18
3878,19
3879,18
3880,18
3881,18
3882,18
3883,19
3884,18
3885,18
3886,19
3887,18
3888,18
3889,18
3890,19
3891,18
3892,18
3893,18
3894,21
3895,19
3896,20
3897,21
3898,20
3899,21
3900,19
3901,19
3902,22
3903,19
3904,21
3905,19
3906,22
3907,22
3908,19
3909,22
3910,19
3911,20
3912,19
3913,19
3914,19
3915,22
3916,21
3917,19
3918,19
3919,20
3920,21
3921,19
3922,22
3923,22
3924,21
3925,22
3926,21
3927,22
3928,19
3929,19
3930,19
3931,22
3932,21
3933,19
3934,19
3935,19
3936,19
3937,21
3938,19
3939,19
3940,19
3941,19
3942,19
3943,18
3944,19
3945,19
3946,19
3947,19
3948,24
3949,20
3950,21
3951,20
3952,22
3953,22
3954,20
3955,19
3956,23
3957,20
3958,25
3959,20
3960,23
3961,20
3962,22
3963,20
3964,19
3965,20
3966,21
3967,20
3968,19
3969,19
3970,20
3971,21
3972,19
3973,19
3974,19
3975,19
3976,19
3977,23
3978,22
3979,19
3980,19
3981,19
3982,19
3983,22
3984,19
3985,19
3986,20
3987,22
3988,19
3989,21
3990,21
3991,19
3992,19
3993,20
3994,19
3995,19
3996,22
3997,22
3998,21
3999,20
4000,23
4001,19
4002,20
4003,19
4004,20
4005,19
4006,20
4007,19
4008,20
4009,23
4010,19
4011,23
4012,21
4013,20
4014,19
4015,20
4016,20
4017,19
4018,20
4019,19
4020,23
4021,20
4022,19
4023,20
4024,19
4025,20
4026,20
4027,20
4028,19
4029,20
4030,20
4031,19
4032,20
4033,20
4034,20
4035,19
4036,20
4037,20
4038,20
4039,20
4040,19
4041,20
4042,20
4043,20
4044,20
4045,20
4046,20
4047,20
4048,23
4049,20
4050,22
4051,21
4052,21
4053,22
4054,23
4055,21
4056,20
4057,23
4058,21
4059,22
4060,20
4061,21
4062,24
4063,20
4064,26
4065,23
4066,22
4067,22
4068,23
4069,20
4070,24
4071,21
4072,22
4073,21
4074,20
4075,20
4076,21
4077,20
4078,20
4079,21
4080,20
4081,20
4082,20
4083,21
4084,20
4085,20
4086,21
4087,20
4088,20
4089,21
4090,24
4091,20
4092,20
4093,21
4094,20
4095,21
4096,20
4097,20
4098,21
4099,20
4100,21
4101,20
4102,20
4103,21
4104,21
4105,20
4106,25
4107,20
4108,21
4109,23
4110,21
4111,21
4112,20
4113,21
4114,21
4115,21
4116,20
4117,21
4118,24
4119,20
4120,21
4121,21
4122,20
4123,21
4124,21
4125,21
4126,21
4127,20
4128,21
4129,21
4130,21
4131,21
4132,20
4133,21
4134,21
4135,21
4136,21
4137,23
4138,22
4139,20
4140,21
4141,21
4142,21
4143,21
4144,22
4145,23
4146,21
4147,21
4148,21
4149,21
4150,21
4151,21
4152,21
4153,21
4154,21
4155,21
4156,21
4157,21
4158,21
4159,21
4160,21
4161,21
4162,21
4163,21
4164,22
4165,21
4166,21
4167,21
4168,21
4169,22
4170,21
4171,21
4172,21
4173,22
4174,21
4175,21
4176,21
4177,22
4178,21
4179,24
4180,21
4181,22
4182,21
4183,21
4184,22
4185,21
4186,22
4187,24
4188,21
4189,22
4190,21
4191,21
4192,22
4193,21
4194,22
4195,21
4196,22
4197,21
4198,22
4199,21
4200,22
4201,22
4202,22
4203,22
4204,21
4205,25
4206,21
4207,22
4208,22
4209,21
4210,22
4211,22
4212,21
4213,22
4214,22
4215,21
4216,22
4217,22
4218,21
4219,22
4220,26
4221,23
4222,22
4223,22
4224,22
4225,22
4226,22
4227,21
4228,22
4229,22
4230,22
4231,22
4232,22
4233,22
4234,23
4235,24
4236,22
4237,22
4238,25
4239,23
4240,25
4241,23
4242,24
4243,23
4244,23
4245,24
4246,22
4247,25
4248,25
4249,27
4250,22
4251,23
4252,25
4253,22
4254,22
4255,23
4256,22
4257,23
4258,26
4259,22
4260,23
4261,22
4262,22
4263,22
4264,22
4265,25
4266,23
4267,22
4268,23
4269,22
4270,22
4271,23
4272,22
4273,22
4274,26
4275,25
4276,24
4277,24
4278,25
4279,22
4280,22
4281,24
4282,25
4283,22
4284,23
4285,22
4286,23
4287,23
4288,23
4289,23
4290,22
4291,23
4292,23
4293,22
4294,23
4295,22
4296,23
4297,23
4298,22
4299,23
4300,23
4301,22
4302,23
4303,23
4304,22
4305,23
4306,23
4307,22
4308,23
4309,23
4310,23
4311,22
4312,23
4313,23
4314,23
4315,23
4316,23
4317,22
4318,23
4319,23
4320,26
4321,26
4322,24
4323,24
4324,24
4325,25
4326,25
4327,26
4328,24
4329,23
4330,23
4331,27
4332,23
4333,24
4334,25
4335,23
4336,23
4337,23
4338,23
4339,23
4340,23
4341,23
4342,23
4343,23
4344,23
4345,23
4346,23
4347,23
4348,23
4349,24
4350,26
4351,23
4352,23
4353,23
4354,24
4355,23
4356,23
4357,23
4358,23
4359,23
4360,23
4361,24
4362,23
4363,23
4364,24
4365,23
4366,24
4367,23
4368,23
4369,24
4370,24
4371,23
4372,23
4373,25
4374,27
4375,23
4376,24
4377,23
4378,24
4379,23
4380,24
4381,23
4382,26
4383,24
4384,24
4385,23
4386,24
4387,24
4388,23
4389,24
4390,24
4391,23
4392,28
4393,24
4394,23
4395,24
4396,27
4397,24
4398,23
4399,24
4400,24
4401,24
4402,23
4403,24
4404,26
4405,25
4406,24
4407,24
4408,23
4409,24
4410,27
4411,24
4412,26
4413,27
4414,26
4415,25
4416,24
4417,24
4418,24
4419,24
4420,24
4421,24
4422,24
4423,24
4424,24
4425,24
4426,24
4427,24
4428,24
4429,24
4430,24
4431,25
4432,24
4433,24
4434,24
4435,24
4436,24
4437,28
4438,25
4439,29
4440,26
4441,28
4442,28
4443,27
4444,26
4445,27
4446,27
4447,27
4448,24
4449,26
4450,27
4451,26
4452,26
4453,24
4454,26
4455,27
4456,27
4457,25
4458,24
4459,30
4460,25
4461,24
4462,25
4463,24
4464,29
4465,26
4466,24
4467,25
4468,24
4469,25
4470,24
4471,25
4472,24
4473,24
4474,25
4475,24
4476,25
4477,25
4478,24
4479,25
4480,25
4481,27
4482,28
4483,29
4484,28
4485,25
4486,27
4487,27
4488,29
4489,27
4490,27
4491,26
4492,26
4493,29
4494,26
4495,31
4496,28
4497,26
4498,28
4499,28
4500,28
4501,25
4502,28
4503,28
4504,29
4505,30
4506,27
4507,27
4508,30
4509,29
4510,31
4511,30
4512,28
4513,30
4514,27
4515,32
4516,30
4517,29
4518,26
4519,28
4520,27
4521,26
4522,29
4523,28
4524,30
4525,27
4526,26
4527,30
4528,29
4529,29
4530,29
4531,29
4532,27
4533,25
4534,29
4535,26
4536,28
4537,26
4538,28
4539,28
4540,29
4541,28
4542,29
4543,29
4544,28
4545,26
4546,26
4547,28
4548,30
4549,26
4550,29
4551,29
4552,26
4553,28
4554,28
4555,27
4556,29
4557,29
4558,26
4559,28
4560,26
4561,26
4562,26
4563,27
4564,28
4565,28
4566,29
4567,29
4568,30
4569,28
4570,30
4571,29
4572,29
4573,29
4574,29
4575,28
4576,27
4577,25
4578,26
4579,26
4580,26
4581,31
4582,26
4583,26
4584,26
4585,26
4586,26
4587,28
4588,30
4589,31
4590,27
4591,27
4592,26
4593,30
4594,29
4595,28
4596,33
4597,28
4598,27
4599,28
4600,30
4601,30
4602,28
4603,30
4604,28
4605,30
4606,30
4607,31
4608,28
4609,29
4610,30
4611,31
4612,30
4613,29
4614,26
4615,27
4616,26
4617,26
4618,27
4619,26
4620,29
4621,28
4622,29
4623,29
4624,27
4625,30
4626,30
4627,29
4628,29
4629,28
4630,28
4631,28
4632,29
4633,29
4634,28
4635,29
4636,31
4637,29
4638,31
4639,28
4640,30
4641,31
4642,30
4643,27
4644,30
4645,26
4646,27
4647,26
4648,31
4649,27
4650,30
4651,29
4652,30
4653,31
4654,31
4655,31
4656,29
4657,32
4658,29
4659,31
4660,32
4661,28
4662,29
4663,28
4664,29
4665,28
4666,29
4667,31
4668,28
4669,29
4670,31
4671,30
4672,29
4673,30
4674,41
4675,29
4676,27
4677,27
4678,31
4679,31
4680,30
4681,30
4682,31
4683,30
4684,30
4685,30
4686,30
4687,29
4688,32
4689,32
4690,32
4691,34
4692,35
4693,32
4694,29
4695,30
4696,30
4697,35
4698,35
4699,34
4700,31
4701,33
4702,35
4703,32
4704,28
4705,27
4706,34
4707,30
4708,28
4709,27
4710,28
4711,29
4712,27
4713,28
4714,27
4715,28
4716,27
4717,28
4718,27
4719,28
4720,30
4721,27
4722,28
4723,27
4724,30
4725,28
4726,27
4727,28
4728,28
4729,30
4730,29
4731,30
4732,27
4733,28
4734,27
4735,28
4736,28
4737,28
4738,30
4739,29
4740,27
4741,28
4742,31
4743,28
4744,28
4745,27
4746,28
4747,31
4748,28
4749,28
4750,28
4751,28
4752,28
4753,28
4754,28
4755,28
4756,31
4757,27
4758,28
4759,31
4760,29
4761,28
4762,28
4763,28
4764,28
4765,28
4766,28
4767,31
4768,28
4769,28
4770,28
4771,29
4772,28
4773,28
4774,29
4775,28
4776,28
4777,28
4778,29
4779,28
4780,34
4781,28
4782,29
4783,28
4784,31
4785,29
4786,28
4787,30
4788,30
4789,28
4790,31
4791,29
4792,29
4793,31
4794,29
4795,31
4796,28
4797,28
4798,29
4799,29
4800,29
4801,29
4802,30
4803,30
4804,32
4805,32
4806,30
4807,30
4808,30
4809,33
4810,33
4811,30
4812,31
4813,34
4814,31
4815,29
4816,30
4817,32
4818,29
4819,29
4820,30
4821,30
4822,34
4823,30
4824,31
4825,32
4826,31
4827,33
4828,31
4829,31
4830,32
4831,32
4832,31
4833,33
4834,34
4835,31
4836,32
4837,33
4838,34
4839,35
4840,33
4841,30
4842,34
4843,30
4844,32
4845,34
4846,34
4847,32
4848,33
4849,30
4850,29
4851,29
4852,29
4853,30
4854,32
4855,29
4856,29
4857,32
4858,30
4859,29
4860,36
4861,30
4862,32
4863,33
4864,29
4865,37
4866,32
4867,36
4868,35
4869,33
4870,35
4871,33
4872,32
4873,34
4874,30
4875,29
4876,31
4877,33
4878,31
4879,29
4880,30
4881,30
4882,29
4883,30
4884,29
4885,30
4886,30
4887,29
4888,30
4889,31
4890,33
4891,30
4892,30
4893,29
4894,30
4895,30
4896,30
4897,30
4898,30
4899,29
4900,30
4901,30
4902,33
4903,30
4904,33
4905,29
4906,29
4907,30
4908,30
4909,30
4910,30
4911,30
4912,29
4913,31
4914,30
4915,30
4916,30
4917,32
4918,33
4919,30
4920,30
4921,30
4922,30
4923,30
4924,30
4925,30
4926,30
4927,33
4928,35
4929,33
4930,31
4931,30
4932,30
4933,30
4934,33
4935,36
4936,32
4937,33
4938,30
4939,33
4940,30
4941,31
4942,30
4943,30
4944,30
4945,31
4946,30
4947,31
4948,33
4949,30
4950,31
4951,30
4952,31
4953,33
4954,30
4955,31
4956,33
4957,31
4958,31
4959,33
4960,30
4961,31
4962,30
4963,31
4964,33
4965,31
4966,30
4967,35
4968,34
4969,31
4970,33
4971,32
4972,32
4973,34
4974,33
4975,33
4976,31
4977,31
4978,31
4979,30
4980,31
4981,31
4982,31
4983,33
4984,31
4985,34
4986,31
4987,31
4988,31
4989,31
4990,34
4991,32
4992,34
4993,31
4994,31
4995,31
4996,33
4997,33
4998,35
4999,34
5000,31
5001,33
5002,32
5003,34
5004,31
5005,31
5006,34
5007,34
5008,34
5009,31
5010,31
5011,31
5012,31
5013,35
5014,31
5015,31
5016,36
5017,32
5018,31
5019,32
5020,31
5021,31
5022,33
5023,36
5024,34
5025,34
5026,32
5027,35
5028,34
5029,34
5030,31
5031,32
5032,31
5033,31
5034,32
5035,34
5036,32
5037,31
5038,32
5039,31
5040,33
5041,33
5042,32
5043,32
5044,32
5045,36
5046,32
5047,31
5048,32
5049,32
5050,32
5051,37
5052,32
5053,32
5054,37
5055,31
5056,32
5057,32
5058,35
5059,34
5060,32
5061,35
5062,32
5063,34
5064,32
5065,32
5066,34
5067,32
5068,32
5069,34
5070,35
5071,32
5072,32
5073,32
5074,33
5075,36
5076,36
5077,35
5078,33
5079,32
5080,32
5081,35
5082,33
5083,32
5084,32
5085,35
5086,35
5087,36
5088,36
5089,37
5090,37
5091,36
5092,34
5093,34
5094,38
5095,37
5096,37
5097,35
5098,37
5099,35
5100,37
5101,36
5102,35
5103,36
5104,36
5105,35
5106,44
5107,35
5108,39
5109,37
5110,36
5111,37
5112,37
5113,36
5114,35
5115,35
5116,38
5117,35
5118,36
5119,38
5120,37
5121,34
5122,35
5123,35
5124,33
5125,36
5126,33
5127,37
5128,36
5129,36
5130,37
5131,37
5132,37
5133,38
5134,36
5135,41
5136,38
5137,37
5138,36
5139,38
5140,38
5141,38
5142,35
5143,36
5144,36
5145,38
5146,37
5147,36
5148,36
5149,34
5150,45
5151,65
5152,41
5153,36
5154,35
5155,36
5156,51
5157,46
5158,37
5159,38
5160,36
5161,37
5162,40
5163,38
5164,37
5165,40
5166,38
5167,35
5168,44
5169,42
5170,36
5171,41
5172,43
5173,58
5174,42
5175,45
5176,46
5177,37
5178,38
5179,41
5180,37
5181,38
5182,39
5183,41
5184,37
5185,40
5186,36
5187,36
5188,41
5189,36
5190,34
5191,42
5192,36
5193,35
5194,38
5195,36
5196,34
5197,40
5198,34
5199,34
5200,34
5201,35
5202,38
5203,35
5204,36
5205,38
5206,37
5207,37
5208,39
5209,37
5210,38
5211,38
5212,37
5213,38
5214,37
5215,35
5216,34
5217,34
5218,38
5219,38
5220,38
5221,36
5222,38
5223,38
5224,37
5225,38
5226,39
5227,36
5228,37
5229,37
5230,43
5231,40
5232,38
5233,37
5234,37
5235,36
5236,34
5237,39
5238,39
5239,34
5240,36
5241,35
5242,36
5243,34
5244,34
5245,37
5246,38
5247,35
5248,35
5249,37
5250,36
5251,38
5252,34
5253,34
5254,36
5255,38
5256,36
5257,34
5258,38
5259,38
5260,34
5261,35
5262,39
5263,39
5264,34
5265,35
5266,47
5267,44
5268,38
5269,39
5270,37
5271,38
5272,36
5273,34
5274,36
5275,40
5276,36
5277,34
5278,35
5279,35
5280,37
5281,39
5282,36
5283,39
5284,36
5285,34
5286,40
5287,36
5288,40
5289,39
5290,38
5291,41
5292,41
5293,37
5294,41
5295,38
5296,36
5297,39
5298,35
5299,34
5300,40
5301,43
5302,41
5303,39
5304,39
5305,38
5306,39
5307,39
5308,38
5309,36
5310,36
5311,37
5312,39
5313,37
5314,39
5315,40
5316,39
5317,37
5318,39
5319,40
5320,35
5321,35
5322,41
5323,38
5324,39
5325,36
5326,41
5327,36
5328,38
5329,43
5330,38
5331,40
5332,41
5333,37
5334,40
5335,40
5336,38
5337,39
5338,41
5339,37
5340,38
5341,38
5342,40
5343,41
5344,40
5345,38
5346,43
5347,40
5348,38
5349,40
5350,40
5351,41
5352,37
5353,42
5354,41
5355,40
5356,39
5357,38
5358,39
5359,40
5360,38
5361,39
5362,40
5363,39
5364,39
5365,39
5366,39
5367,40
5368,42
5369,41
5370,39
5371,39
5372,39
5373,38
5374,45
5375,40
5376,39
5377,41
5378,41
5379,39
5380,41
5381,41
5382,40
5383,40
5384,37
5385,43
5386,38
5387,37
5388,36
5389,36
5390,42
5391,38
5392,37
5393,36
5394,38
5395,39
5396,40
5397,40
5398,40
5399,39
5400,38
5401,43
5402,38
5403,41
5404,40
5405,38
5406,46
5407,42
5408,42
5409,41
5410,39
5411,41
5412,41
5413,44
5414,40
5415,41
5416,43
5417,41
5418,40
5419,41
5420,41
5421,41
5422,41
5423,40
5424,39
5425,42
5426,43
5427,41
5428,44
5429,40
5430,39
5431,43
5432,41
5433,44
5434,42
5435,44
5436,42
5437,42
5438,42
5439,44
5440,39
5441,44
5442,39
5443,41
5444,42
5445,52
5446,45
5447,43
5448,43
5449,42
5450,42
5451,44
5452,41
5453,42
5454,43
5455,39
5456,40
5457,38
5458,39
5459,47
5460,39
5461,39
5462,38
5463,38
5464,41
5465,40
5466,41
5467,40
5468,42
5469,45
5470,40
5471,43
5472,38
5473,43
5474,46
5475,43
5476,43
5477,41
5478,41
5479,43
5480,43
5481,40
5482,41
5483,40
5484,42
5485,40
5486,42
5487,39
5488,38
5489,37
5490,38
5491,39
5492,41
5493,37
5494,38
5495,40
5496,39
5497,42
5498,38
5499,42
5500,40
5501,40
5502,38
5503,42
5504,39
5505,41
5506,39
5507,39
5508,42
5509,41
5510,41
5511,42
5512,43
5513,42
5514,42
5515,48
5516,43
5517,42
5518,42
5519,44
5520,42
5521,43
5522,43
5523,41
5524,48
5525,43
5526,44
5527,45
5528,42
5529,43
5530,42
5531,42
5532,44
5533,42
5534,41
5535,43
5536,41
5537,41
5538,45
5539,46
5540,42
5541,41
5542,43
5543,44
5544,43
5545,46
5546,43
5547,48
5548,42
5549,43
5550,43
5551,46
5552,44
5553,42
5554,45
5555,44
5556,44
5557,39
5558,45
5559,43
5560,43
5561,42
5562,42
5563,41
5564,41
5565,43
5566,41
5567,42
5568,43
5569,42
5570,41
5571,42
5572,43
5573,42
5574,43
5575,42
5576,42
5577,42
5578,44
5579,45
5580,43
5581,41
5582,46
5583,42
5584,43
5585,39
5586,39
5587,39
5588,41
5589,39
5590,42
5591,44
5592,44
5593,44
5594,42
5595,44
5596,47
5597,43
5598,45
5599,40
5600,45
5601,42
5602,44
5603,42
5604,46
5605,44
5606,44
5607,46
5608,43
5609,45
5610,45
5611,43
5612,39
5613,39
5614,41
5615,43
5616,39
5617,40
5618,44
5619,43
5620,44
5621,42
5622,43
5623,44
5624,45
5625,43
5626,45
5627,43
5628,43
5629,46
5630,44
5631,43
5632,47
5633,44
5634,42
5635,44
5636,45
5637,44
5638,44
5639,43
5640,43
5641,43
5642,43
5643,45
5644,43
5645,42
5646,43
5647,44
5648,46
5649,41
5650,43
5651,43
5652,48
5653,44
5654,45
5655,43
5656,43
5657,43
5658,45
5659,44
5660,45
5661,45
5662,43
5663,47
5664,43
5665,43
5666,46
5667,43
5668,44
5669,44
5670,48
5671,44
5672,44
5673,43
5674,43
5675,44
5676,43
5677,45
5678,45
5679,44
5680,46
5681,44
5682,44
5683,43
5684,45
5685,45
5686,44
5687,45
5688,46
5689,44
5690,43
5691,44
5692,46
5693,45
5694,46
5695,44
5696,46
5697,43
5698,44
5699,44
5700,48
5701,47
5702,44
5703,45
5704,47
5705,44
5706,42
5707,40
5708,41
5709,41
5710,40
5711,41
5712,41
5713,40
5714,41
5715,41
5716,41
5717,47
5718,45
5719,44
5720,45
5721,47
5722,44
5723,45
5724,44
5725,43
5726,41
5727,41
5728,41
5729,46
5730,41
5731,45
5732,43
5733,43
5734,44
5735,41
5736,41
5737,41
5738,47
5739,41
5740,48
5741,44
5742,45
5743,46
5744,46
5745,47
5746,47
5747,45
5748,46
5749,47
5750,48
5751,43
5752,47
5753,46
5754,46
5755,47
5756,47
5757,49
5758,46
5759,46
5760,44
5761,47
5762,46
5763,45
5764,41
5765,45
5766,46
5767,44
5768,41
5769,41
5770,42
5771,44
5772,42
5773,41
5774,42
5775,44
5776,46
5777,44
5778,42
5779,49
5780,46
5781,47
5782,49
5783,46
5784,47
5785,45
5786,48
5787,46
5788,46
5789,45
5790,45
5791,45
5792,46
5793,47
5794,46
5795,51
5796,45
5797,46
5798,50
5799,46
5800,45
5801,46
5802,48
5803,47
5804,47
5805,47
5806,47
5807,47
5808,49
5809,46
5810,50
5811,48
5812,46
5813,46
5814,48
5815,46
5816,46
5817,48
5818,48
5819,47
5820,48
5821,47
5822,47
5823,48
5824,48
5825,46
5826,49
5827,45
5828,47
5829,48
5830,48
5831,48
5832,49
5833,45
5834,48
5835,48
5836,46
5837,46
5838,43
5839,42
5840,43
5841,50
5842,48
5843,45
5844,48
5845,48
5846,46
5847,46
5848,47
5849,49
5850,49
5851,47
5852,48
5853,47
5854,48
5855,47
5856,48
5857,46
5858,47
5859,49
5860,48
5861,48
5862,46
5863,47
5864,48
5865,45
5866,47
5867,47
5868,45
5869,46
5870,48
5871,48
5872,47
5873,50
5874,48
5875,49
5876,47
5877,51
5878,47
5879,47
5880,49
5881,48
5882,46
5883,46
5884,49
5885,46
5886,45
5887,47
5888,49
5889,47
5890,49
5891,50
5892,48
5893,48
5894,50
5895,49
5896,44
5897,47
5898,47
5899,49
5900,48
5901,48
5902,47
5903,50
5904,46
5905,50
5906,50
5907,49
5908,45
5909,48
5910,49
5911,51
5912,48
5913,50
5914,47
5915,50
5916,48
5917,49
5918,48
5919,49
5920,50
5921,49
5922,48
5923,49
5924,50
5925,49
5926,47
5927,50
5928,48
5929,47
5930,51
5931,48
5932,49
5933,49
5934,49
5935,49
5936,49
5937,49
5938,47
5939,47
5940,49
5941,48
5942,49
5943,48
5944,48
5945,50
5946,50
5947,49
5948,49
5949,50
5950,48
5951,51
5952,48
5953,51
5954,50
5955,47
5956,48
5957,49
5958,49
5959,48
5960,49
5961,50
5962,50
5963,49
5964,49
5965,46
5966,50
5967,49
5968,49
5969,48
5970,44
5971,45
5972,47
5973,45
5974,45
5975,44
5976,45
5977,45
5978,44
5979,45
5980,45
5981,48
5982,48
5983,53
5984,52
5985,52
5986,51
5987,48
5988,45
5989,45
5990,44
5991,45
5992,45
5993,45
5994,45
5995,45
5996,45
5997,45
5998,45
5999,46
6000,44
6001,46
6002,45
6003,45
6004,45
6005,45
6006,46
6007,45
6008,46
6009,45
6010,45
6011,45
6012,45
6013,46
6014,45
6015,48
6016,45
6017,45
6018,45
6019,45
6020,46
6021,45
6022,45
6023,46
6024,45
6025,45
6026,46
6027,45
6028,46
6029,45
6030,46
6031,45
6032,46
6033,45
6034,46
6035,45
6036,46
6037,45
6038,46
6039,46
6040,45
6041,46
6042,46
6043,45
6044,46
6045,46
6046,45
6047,46
6048,46
6049,46
6050,46
6051,46
6052,49
6053,46
6054,46
6055,46
6056,46
6057,50
6058,46
6059,46
6060,46
6061,46
6062,46
6063,46
6064,46
6065,46
6066,46
6067,46
6068,47
6069,49
6070,46
6071,50
6072,54
6073,52
6074,46
6075,46
6076,46
6077,47
6078,46
6079,49
6080,46
6081,47
6082,46
6083,46
6084,47
6085,46
6086,50
6087,46
6088,47
6089,46
6090,46
6091,47
6092,46
6093,47
6094,46
6095,47
6096,47
6097,46
6098,47
6099,47
6100,46
6101,47
6102,46
6103,47
6104,46
6105,47
6106,47
6107,46
6108,47
6109,47
6110,46
6111,47
6112,48
6113,49
6114,52
6115,46
6116,50
6117,48
6118,47
6119,47
6120,47
6121,52
6122,49
6123,51
6124,47
6125,47
6126,52
6127,51
6128,47
6129,50
6130,47
6131,47
6132,47
6133,50
6134,47
6135,48
6136,50
6137,53
6138,47
6139,47
6140,53
6141,47
6142,47
6143,48
6144,47
6145,47
6146,48
6147,47
6148,49
6149,47
6150,49
6151,47
6152,48
6153,51
6154,51
6155,47
6156,47
6157,49
6158,49
6159,47
6160,47
6161,48
6162,47
6163,48
6164,52
6165,48
6166,47
6167,48
6168,51
6169,47
6170,52
6171,48
6172,47
6173,49
6174,52
6175,49
6176,48
6177,47
6178,49
6179,48
6180,47
6181,48
6182,51
6183,53
6184,48
6185,50
6186,49
6187,48
6188,48
6189,48
6190,48
6191,48
6192,48
6193,48
6194,48
6195,48
6196,48
6197,48
6198,48
6199,48
6200,48
6201,48
6202,49
6203,51
6204,48
6205,49
6206,52
6207,52
6208,52
6209,52
6210,55
6211,52
6212,48
6213,48
6214,53
6215,49
6216,48
6217,48
6218,49
6219,51
6220,49
6221,48
6222,49
6223,49
6224,48
6225,49
6226,48
6227,49
6228,49
6229,48
6230,49
6231,49
6232,49
6233,48
6234,49
6235,49
6236,49
6237,49
6238,48
6239,48
6240,49
6241,49
6242,49
6243,49
6244,55
6245,49
6246,48
6247,49
6248,52
6249,55
6250,54
6251,54
6252,53
6253,49
6254,49
6255,54
6256,54
6257,53
6258,55
6259,54
6260,51
6261,55
6262,51
6263,54
6264,52
6265,57
6266,54
6267,53
6268,56
6269,55
6270,51
6271,60
6272,55
6273,59
6274,56
6275,53
6276,58
6277,54
6278,52
6279,49
6280,50
6281,49
6282,55
6283,50
6284,53
6285,50
6286,49
6287,56
6288,54
6289,57
6290,59
6291,55
6292,55
6293,50
6294,50
6295,49
6296,54
6297,50
6298,50
6299,50
6300,49
6301,53
6302,55
6303,55
6304,50
6305,50
6306,53
6307,55
6308,54
6309,50
6310,50
6311,53
6312,51
6313,50
6314,50
6315,50
6316,50
6317,50
6318,50
6319,50
6320,50
6321,51
6322,50
6323,50
6324,50
6325,55
6326,56
6327,50
6328,53
6329,50
6330,51
6331,50
6332,50
6333,51
6334,50
6335,53
6336,55
6337,54
6338,52
6339,50
6340,54
6341,50
6342,51
6343,50
6344,56
6345,51
6346,51
6347,50
6348,51
6349,52
6350,53
6351,56
6352,51
6353,51
6354,57
6355,51
6356,51
6357,51
6358,57
6359,53
6360,58
6361,54
6362,50
6363,52
6364,50
6365,52
6366,51
6367,51
6368,51
6369,51
6370,51
6371,55
6372,54
6373,59
6374,51
6375,55
6376,51
6377,55
6378,54
6379,56
6380,54
6381,52
6382,51
6383,51
6384,53
6385,53
6386,51
6387,51
6388,51
6389,55
6390,57
6391,54
6392,51
6393,52
6394,52
6395,59
6396,55
6397,51
6398,52
6399,51
6400,52
6401,54
6402,52
6403,55
6404,54
6405,55
6406,59
6407,55
6408,56
6409,56
6410,57
6411,56
6412,61
6413,58
6414,54
6415,58
6416,53
6417,52
6418,52
6419,57
6420,52
6421,52
6422,52
6423,57
6424,52
6425,52
6426,52
6427,52
6428,52
6429,52
6430,52
6431,60
6432,58
6433,55
6434,59
6435,58
6436,56
6437,58
6438,58
6439,57
6440,58
6441,58
6442,59
6443,58
6444,58
6445,56
6446,64
6447,63
6448,56
6449,57
6450,57
6451,56
6452,57
6453,57
6454,57
6455,60
6456,57
6457,57
6458,52
6459,56
6460,52
6461,56
6462,52
6463,53
6464,56
6465,59
6466,59
6467,58
6468,56
6469,61
6470,54
6471,56
6472,59
6473,57
6474,56
6475,59
6476,53
6477,60
6478,58
6479,55
6480,58
6481,56
6482,56
6483,58
6484,54
6485,55
6486,57
6487,62
6488,56
6489,61
6490,61
6491,62
6492,58
6493,54
6494,53
6495,54
6496,57
6497,53
6498,56
6499,59
6500,62
6501,58
6502,56
6503,57
6504,53
6505,60
6506,56
6507,59
6508,57
6509,56
6510,61
6511,53
6512,54
6513,57
6514,56
6515,58
6516,57
6517,64
6518,55
6519,58
6520,59
6521,54
6522,54
6523,53
6524,54
6525,57
6526,54
6527,54
6528,57
6529,57
6530,54
6531,59
6532,57
6533,57
6534,58
6535,56
6536,54
6537,57
6538,59
6539,62
6540,55
6541,55
6542,54
6543,54
6544,57
6545,54
6546,54
6547,55
6548,57
6549,58
6550,54
6551,55
6552,54
6553,57
6554,61
6555,64
6556,54
6557,57
6558,55
6559,54
6560,58
6561,54
6562,58
6563,58
6564,54
6565,54
6566,58
6567,56
6568,60
6569,59
6570,55
6571,55
6572,54
6573,55
6574,60
6575,54
6576,55
6577,58
6578,59
6579,56
6580,55
6581,58
6582,61
6583,56
6584,59
6585,56
6586,55
6587,55
6588,55
6589,58
6590,55
6591,58
6592,55
6593,57
6594,61
6595,58
6596,55
6597,55
6598,55
6599,56
6600,60
6601,57
6602,59
6603,57
6604,58
6605,62
6606,61
6607,55
6608,55
6609,55
6610,55
6611,63
6612,55
6613,62
6614,56
6615,55
6616,59
6617,59
6618,59
6619,56
6620,58
6621,56
6622,58
6623,62
6624,55
6625,55
6626,59
6627,59
6628,62
6629,55
6630,56
6631,55
6632,57
6633,55
6634,59
6635,56
6636,59
6637,59
6638,65
6639,58
6640,56
6641,64
6642,63
6643,60
6644,59
6645,56
6646,60
6647,62
6648,56
6649,55
6650,56
6651,59
6652,56
6653,60
6654,56
6655,56
6656,64
6657,58
6658,56
6659,56
6660,56
6661,58
6662,60
6663,56
6664,56
6665,60
6666,62
6667,62
6668,56
6669,60
6670,56
6671,59
6672,56
6673,59
6674,57
6675,56
6676,56
6677,56
6678,62
6679,59
6680,59
6681,62
6682,63
6683,57
6684,62
6685,56
6686,61
6687,60
6688,64
6689,65
6690,57
6691,62
6692,59
6693,57
6694,57
6695,59
6696,57
6697,57
6698,56
6699,57
6700,57
6701,56
6702,60
6703,59
6704,63
6705,60
6706,56
6707,57
6708,60
6709,57
6710,60
6711,56
6712,57
6713,57
6714,57
6715,60
6716,57
6717,57
6718,57
6719,57
6720,57
6721,59
6722,58
6723,57
6724,58
6725,57
6726,57
6727,57
6728,60
6729,63
6730,57
6731,57
6732,58
6733,61
6734,64
6735,63
6736,65
6737,61
6738,58
6739,58
6740,57
6741,57
6742,58
6743,57
6744,58
6745,58
6746,57
6747,58
6748,57
6749,61
6750,57
6751,58
6752,58
6753,57
6754,58
6755,60
6756,58
6757,58
6758,57
6759,61
6760,58
6761,58
6762,57
6763,58
6764,58
6765,58
6766,58
6767,57
6768,58
6769,61
6770,58
6771,58
6772,61
6773,58
6774,58
6775,58
6776,58
6777,61
6778,61
6779,61
6780,58
6781,58
6782,58
6783,58
6784,58
6785,61
6786,58
6787,62
6788,60
6789,58
6790,58
6791,64
6792,58
6793,65
6794,60
6795,58
6796,59
6797,60
6798,60
6799,62
6800,59
6801,58
6802,59
6803,58
6804,61
6805,59
6806,59
6807,58
6808,59
6809,61
6810,59
6811,58
6812,59
6813,59
6814,58
6815,59
6816,59
6817,58
6818,60
6819,61
6820,59
6821,61
6822,62
6823,59
6824,64
6825,59
6826,62
6827,62
6828,59
6829,59
6830,59
6831,59
6832,58
6833,59
6834,58
6835,60
6836,59
6837,62
6838,59
6839,59
6840,59
6841,59
6842,59
6843,59
6844,61
6845,59
6846,59
6847,60
6848,59
6849,59
6850,60
6851,62
6852,59
6853,60
6854,63
6855,59
6856,59
6857,62
6858,60
6859,59
6860,60
6861,59
6862,60
6863,59
6864,59
6865,59
6866,59
6867,60
6868,62
6869,60
6870,68
6871,63
6872,60
6873,59
6874,60
6875,60
6876,61
6877,61
6878,63
6879,60
6880,63
6881,60
6882,60
6883,60
6884,60
6885,63
6886,64
6887,61
6888,60
6889,64
6890,64
6891,63
6892,63
6893,60
6894,60
6895,60
6896,63
6897,63
6898,60
6899,60
6900,60
6901,60
6902,60
6903,61
6904,61
6905,60
6906,63
6907,60
6908,63
6909,60
6910,61
6911,60
6912,60
6913,61
6914,60
6915,60
6916,61
6917,63
6918,65
6919,64
6920,66
6921,67
6922,61
6923,64
6924,60
6925,60
6926,61
6927,60
6928,64
6929,61
6930,60
6931,61
6932,61
6933,61
6934,60
6935,62
6936,66
6937,61
6938,63
6939,61
6940,61
6941,61
6942,61
6943,61
6944,61
6945,60
6946,61
6947,61
6948,61
6949,61
6950,61
6951,61
6952,61
6953,69
6954,64
6955,61
6956,64
6957,62
6958,65
6959,61
6960,61
6961,61
6962,62
6963,61
6964,61
6965,62
6966,61
6967,61
6968,62
6969,61
6970,61
6971,62
6972,67
6973,61
6974,67
6975,61
6976,62
6977,63
6978,65
6979,62
6980,64
6981,62
6982,62
6983,62
6984,64
6985,61
6986,62
6987,62
6988,61
6989,61
6990,65
6991,62
6992,62
6993,61
6994,62
6995,61
6996,68
6997,70
6998,68
6999,68
7000,67
7001,65
7002,71
7003,70
7004,66
7005,67
7006,69
7007,74
7008,65
7009,65
7010,65
7011,62
7012,70
7013,66
7014,67
7015,72
7016,65
7017,67
7018,70
7019,70
7020,63
7021,62
7022,64
7023,73
7024,74
7025,71
7026,67
7027,67
7028,70
7029,68
7030,69
7031,70
7032,71
7033,67
7034,70
7035,72
7036,76
7037,72
7038,72
7039,70
7040,70
7041,71
7042,70
7043,66
7044,63
7045,66
7046,73
7047,68
7048,68
7049,71
7050,70
7051,67
7052,68
7053,71
7054,70
7055,68
7056,66
7057,63
7058,63
7059,63
7060,63
7061,63
7062,68
7063,66
7064,63
7065,63
7066,66
7067,66
7068,64
7069,68
7070,71
7071,66
7072,68
7073,68
7074,67
7075,68
7076,73
7077,67
7078,66
7079,68
7080,69
7081,68
7082,64
7083,68
7084,66
7085,67
7086,67
7087,65
7088,67
7089,72
7090,72
7091,67
7092,71
